*
* Reactions particle table for PDG elements, generated on 2021-04-02
*
* This table has been generated from the PDG table of masses and widths at https://pdg.lbl.gov/2020/html/computer_read.html,
* where particles have been expanded by charge so they can be efficiently read by name.#
*
               g         21 +0  0.000000000e+00  0.00e+00  0.00e+00  0.000000000e+00  0.00e+00  0.00e+00 1
           gamma         22 +0  0.000000000e+00  0.00e+00  0.00e+00  0.000000000e+00  0.00e+00  0.00e+00 1
              W+         24 +3  8.037900000e+01  1.20e-02  1.20e-02  2.085000000e+00  4.20e-02  4.20e-02 0
              W-        -24 -3  8.037900000e+01  1.20e-02  1.20e-02  2.085000000e+00  4.20e-02  4.20e-02 0
              Z0         23 +0  9.118760000e+01  2.10e-03  2.10e-03  2.495200000e+00  2.30e-03  2.30e-03 1
              H0         25 +0  1.251000000e+02  1.40e-01  1.40e-01                                      1
              e-         11 -3  5.109989461e-04  3.10e-12  3.10e-12  0.000000000e+00  0.00e+00  0.00e+00 0
              e+        -11 +3  5.109989461e-04  3.10e-12  3.10e-12  0.000000000e+00  0.00e+00  0.00e+00 0
            nu_e         12 +0                                                                           0
           nu_e~        -12 +0                                                                           0
             mu-         13 -3  1.056583745e-01  2.40e-09  2.40e-09  2.995983700e-19  3.00e-25  3.00e-25 0
             mu+        -13 +3  1.056583745e-01  2.40e-09  2.40e-09  2.995983700e-19  3.00e-25  3.00e-25 0
           nu_mu         14 +0                                                                           0
          nu_mu~        -14 +0                                                                           0
            tau-         15 -3  1.776860000e+00  1.20e-04  1.20e-04  2.267000000e-12  4.00e-15  4.00e-15 0
            tau+        -15 +3  1.776860000e+00  1.20e-04  1.20e-04  2.267000000e-12  4.00e-15  4.00e-15 0
          nu_tau         16 +0                                                                           0
         nu_tau~        -16 +0                                                                           0
               d          1 -1  4.670000000e-03  2.00e-04  5.00e-04                                      0
              d~         -1 +1  4.670000000e-03  2.00e-04  5.00e-04                                      0
               u          2 +2  2.160000000e-03  3.00e-04  5.00e-04                                      0
              u~         -2 -2  2.160000000e-03  3.00e-04  5.00e-04                                      0
               s          3 -1  9.300000000e-02  5.00e-03  1.10e-02                                      0
              s~         -3 +1  9.300000000e-02  5.00e-03  1.10e-02                                      0
               c          4 +2  1.270000000e+00  2.00e-02  2.00e-02                                      0
              c~         -4 -2  1.270000000e+00  2.00e-02  2.00e-02                                      0
               b          5 -1  4.180000000e+00  2.00e-02  3.00e-02                                      0
              b~         -5 +1  4.180000000e+00  2.00e-02  3.00e-02                                      0
               t          6 +2  1.724000000e+02  7.00e-01  7.00e-01  1.420000000e+00  1.50e-01  1.90e-01 0
              t~         -6 -2  1.724000000e+02  7.00e-01  7.00e-01  1.420000000e+00  1.50e-01  1.90e-01 0
             pi+        211 +3  1.395703900e-01  1.80e-07  1.80e-07  2.528400000e-17  5.00e-21  5.00e-21 0
             pi-       -211 -3  1.395703900e-01  1.80e-07  1.80e-07  2.528400000e-17  5.00e-21  5.00e-21 0
        f_0(500)    9000221 +0  4.750000000e-01  7.50e-02  7.50e-02  5.500000000e-01  1.50e-01  1.50e-01 1
             pi0        111 +0  1.349768000e-01  5.00e-07  5.00e-07  7.730000000e-09  1.70e-10  1.70e-10 1
             eta        221 +0  5.478620000e-01  1.70e-05  1.70e-05  1.310000000e-06  5.00e-08  5.00e-08 1
       rho(770)0        113 +0  7.752600000e-01  2.50e-04  2.50e-04  1.491000000e-01  8.00e-04  8.00e-04 1
       rho(770)+        213 +3  7.752600000e-01  2.50e-04  2.50e-04  1.491000000e-01  8.00e-04  8.00e-04 0
       rho(770)-       -213 -3  7.752600000e-01  2.50e-04  2.50e-04  1.491000000e-01  8.00e-04  8.00e-04 0
      omega(782)        223 +0  7.826500000e-01  1.20e-04  1.20e-04  8.490000000e-03  8.00e-05  8.00e-05 1
       eta'(958)        331 +0  9.577800000e-01  6.00e-05  6.00e-05  1.880000000e-04  6.00e-06  6.00e-06 1
        f_0(980)    9010221 +0  9.900000000e-01  2.00e-02  2.00e-02  6.000000000e-02  5.00e-02  5.00e-02 1
       a_0(980)0    9000111 +0  9.800000000e-01  2.00e-02  2.00e-02  7.500000000e-02  2.50e-02  2.50e-02 1
       a_0(980)+    9000211 +3  9.800000000e-01  2.00e-02  2.00e-02  7.500000000e-02  2.50e-02  2.50e-02 0
       a_0(980)-   -9000211 -3  9.800000000e-01  2.00e-02  2.00e-02  7.500000000e-02  2.50e-02  2.50e-02 0
       phi(1020)        333 +0  1.019461000e+00  1.60e-05  1.60e-05  4.249000000e-03  1.30e-05  1.30e-05 1
       h_1(1170)      10223 +0  1.166000000e+00  6.00e-03  6.00e-03  3.750000000e-01  3.50e-02  3.50e-02 1
      b_1(1235)0      10113 +0  1.229500000e+00  3.20e-03  3.20e-03  1.420000000e-01  9.00e-03  9.00e-03 1
      b_1(1235)+      10213 +3  1.229500000e+00  3.20e-03  3.20e-03  1.420000000e-01  9.00e-03  9.00e-03 0
      b_1(1235)-     -10213 -3  1.229500000e+00  3.20e-03  3.20e-03  1.420000000e-01  9.00e-03  9.00e-03 0
      a_1(1260)0      20113 +0  1.230000000e+00  4.00e-02  4.00e-02  4.200000000e-01  1.80e-01  1.80e-01 1
      a_1(1260)+      20213 +3  1.230000000e+00  4.00e-02  4.00e-02  4.200000000e-01  1.80e-01  1.80e-01 0
      a_1(1260)-     -20213 -3  1.230000000e+00  4.00e-02  4.00e-02  4.200000000e-01  1.80e-01  1.80e-01 0
       f_2(1270)        225 +0  1.275500000e+00  8.00e-04  8.00e-04  1.867000000e-01  2.50e-03  2.20e-03 1
       f_1(1285)      20223 +0  1.281900000e+00  5.00e-04  5.00e-04  2.270000000e-02  1.10e-03  1.10e-03 1
       eta(1295)     100221 +0  1.294000000e+00  4.00e-03  4.00e-03  5.500000000e-02  5.00e-03  5.00e-03 1
       pi(1300)0     100111 +0  1.300000000e+00  1.00e-01  1.00e-01  4.000000000e-01  2.00e-01  2.00e-01 1
       pi(1300)+     100211 +3  1.300000000e+00  1.00e-01  1.00e-01  4.000000000e-01  2.00e-01  2.00e-01 0
       pi(1300)-    -100211 -3  1.300000000e+00  1.00e-01  1.00e-01  4.000000000e-01  2.00e-01  2.00e-01 0
      a_2(1320)0        115 +0  1.316900000e+00  9.00e-04  9.00e-04  1.070000000e-01  5.00e-03  5.00e-03 1
      a_2(1320)+        215 +3  1.316900000e+00  9.00e-04  9.00e-04  1.070000000e-01  5.00e-03  5.00e-03 0
      a_2(1320)-       -215 -3  1.316900000e+00  9.00e-04  9.00e-04  1.070000000e-01  5.00e-03  5.00e-03 0
       f_0(1370)      10221 +0  1.350000000e+00  1.50e-01  1.50e-01  3.500000000e-01  1.50e-01  1.50e-01 1
     pi_1(1400)0    9000113 +0  1.354000000e+00  2.50e-02  2.50e-02  3.300000000e-01  3.50e-02  3.50e-02 1
     pi_1(1400)+    9000213 +3  1.354000000e+00  2.50e-02  2.50e-02  3.300000000e-01  3.50e-02  3.50e-02 0
     pi_1(1400)-   -9000213 -3  1.354000000e+00  2.50e-02  2.50e-02  3.300000000e-01  3.50e-02  3.50e-02 0
       eta(1405)    9020221 +0  1.408800000e+00  2.00e-03  2.00e-03  5.010000000e-02  2.60e-03  2.60e-03 1
       h_1(1415)      10333 +0  1.416000000e+00  8.00e-03  8.00e-03  9.000000000e-02  1.50e-02  1.50e-02 1
       f_1(1420)      20333 +0  1.426300000e+00  9.00e-04  9.00e-04  5.450000000e-02  2.60e-03  2.60e-03 1
     omega(1420)    1000223 +0  1.410000000e+00  6.00e-02  6.00e-02  2.900000000e-01  1.90e-01  1.90e-01 1
      a_0(1450)0      10111 +0  1.474000000e+00  1.90e-02  1.90e-02  2.650000000e-01  1.30e-02  1.30e-02 1
      a_0(1450)+      10211 +3  1.474000000e+00  1.90e-02  1.90e-02  2.650000000e-01  1.30e-02  1.30e-02 0
      a_0(1450)-     -10211 -3  1.474000000e+00  1.90e-02  1.90e-02  2.650000000e-01  1.30e-02  1.30e-02 0
      rho(1450)0     100113 +0  1.465000000e+00  2.50e-02  2.50e-02  4.000000000e-01  6.00e-02  6.00e-02 1
      rho(1450)+     100213 +3  1.465000000e+00  2.50e-02  2.50e-02  4.000000000e-01  6.00e-02  6.00e-02 0
      rho(1450)-    -100213 -3  1.465000000e+00  2.50e-02  2.50e-02  4.000000000e-01  6.00e-02  6.00e-02 0
       eta(1475)     100331 +0  1.475000000e+00  4.00e-03  4.00e-03  9.000000000e-02  9.00e-03  9.00e-03 1
       f_0(1500)    9030221 +0  1.506000000e+00  6.00e-03  6.00e-03  1.120000000e-01  9.00e-03  9.00e-03 1
      f'_2(1525)        335 +0  1.517400000e+00  2.50e-03  2.50e-03  8.600000000e-02  5.00e-03  5.00e-03 1
     pi_1(1600)0    9010113 +0  1.660000000e+00  1.10e-02  1.50e-02  2.600000000e-01  6.00e-02  6.00e-02 1
     pi_1(1600)+    9010213 +3  1.660000000e+00  1.10e-02  1.50e-02  2.600000000e-01  6.00e-02  6.00e-02 0
     pi_1(1600)-   -9010213 -3  1.660000000e+00  1.10e-02  1.50e-02  2.600000000e-01  6.00e-02  6.00e-02 0
      a_1(1640)0    9020113 +0  1.655000000e+00  1.60e-02  1.60e-02  2.500000000e-01  4.00e-02  4.00e-02 1
      a_1(1640)+    9020213 +3  1.655000000e+00  1.60e-02  1.60e-02  2.500000000e-01  4.00e-02  4.00e-02 0
      a_1(1640)-   -9020213 -3  1.655000000e+00  1.60e-02  1.60e-02  2.500000000e-01  4.00e-02  4.00e-02 0
     eta_2(1645)      10225 +0  1.617000000e+00  5.00e-03  5.00e-03  1.810000000e-01  1.10e-02  1.10e-02 1
     omega(1650)      30223 +0  1.670000000e+00  3.00e-02  3.00e-02  3.150000000e-01  3.50e-02  3.50e-02 1
   omega_3(1670)        227 +0  1.667000000e+00  4.00e-03  4.00e-03  1.680000000e-01  1.00e-02  1.00e-02 1
     pi_2(1670)0      10115 +0  1.670600000e+00  1.20e-03  2.90e-03  2.580000000e-01  9.00e-03  8.00e-03 1
     pi_2(1670)+      10215 +3  1.670600000e+00  1.20e-03  2.90e-03  2.580000000e-01  9.00e-03  8.00e-03 0
     pi_2(1670)-     -10215 -3  1.670600000e+00  1.20e-03  2.90e-03  2.580000000e-01  9.00e-03  8.00e-03 0
       phi(1680)     100333 +0  1.680000000e+00  2.00e-02  2.00e-02  1.500000000e-01  5.00e-02  5.00e-02 1
    rho_3(1690)0        117 +0  1.688800000e+00  2.10e-03  2.10e-03  1.610000000e-01  1.00e-02  1.00e-02 1
    rho_3(1690)+        217 +3  1.688800000e+00  2.10e-03  2.10e-03  1.610000000e-01  1.00e-02  1.00e-02 0
    rho_3(1690)-       -217 -3  1.688800000e+00  2.10e-03  2.10e-03  1.610000000e-01  1.00e-02  1.00e-02 0
      rho(1700)0      30113 +0  1.720000000e+00  2.00e-02  2.00e-02  2.500000000e-01  1.00e-01  1.00e-01 1
      rho(1700)+      30213 +3  1.720000000e+00  2.00e-02  2.00e-02  2.500000000e-01  1.00e-01  1.00e-01 0
      rho(1700)-     -30213 -3  1.720000000e+00  2.00e-02  2.00e-02  2.500000000e-01  1.00e-01  1.00e-01 0
      a_2(1700)0    9000115 +0  1.700000000e+00  4.00e-02  4.00e-02  2.600000000e-01  4.00e-02  4.00e-02 1
      a_2(1700)+    9000215 +3  1.700000000e+00  4.00e-02  4.00e-02  2.600000000e-01  4.00e-02  4.00e-02 0
      a_2(1700)-   -9000215 -3  1.700000000e+00  4.00e-02  4.00e-02  2.600000000e-01  4.00e-02  4.00e-02 0
       f_0(1710)      10331 +0  1.704000000e+00  1.20e-02  1.20e-02  1.230000000e-01  1.80e-02  1.80e-02 1
       pi(1800)0    9010111 +0  1.810000000e+00  1.10e-02  9.00e-03  2.150000000e-01  8.00e-03  7.00e-03 1
       pi(1800)+    9010211 +3  1.810000000e+00  1.10e-02  9.00e-03  2.150000000e-01  8.00e-03  7.00e-03 0
       pi(1800)-   -9010211 -3  1.810000000e+00  1.10e-02  9.00e-03  2.150000000e-01  8.00e-03  7.00e-03 0
     phi_3(1850)        337 +0  1.854000000e+00  7.00e-03  7.00e-03  8.700000000e-02  2.30e-02  2.80e-02 1
       f_2(1950)    9050225 +0  1.936000000e+00  1.20e-02  1.20e-02  4.640000000e-01  2.40e-02  2.40e-02 1
      a_4(1970)0        119 +0  1.967000000e+00  1.60e-02  1.60e-02  3.240000000e-01  1.80e-02  1.50e-02 1
      a_4(1970)+        219 +3  1.967000000e+00  1.60e-02  1.60e-02  3.240000000e-01  1.80e-02  1.50e-02 0
      a_4(1970)-       -219 -3  1.967000000e+00  1.60e-02  1.60e-02  3.240000000e-01  1.80e-02  1.50e-02 0
       f_2(2010)    9060225 +0  2.010000000e+00  8.00e-02  6.00e-02  2.000000000e-01  6.00e-02  6.00e-02 1
       f_4(2050)        229 +0  2.018000000e+00  1.10e-02  1.10e-02  2.370000000e-01  1.80e-02  1.80e-02 1
       f_2(2300)    9080225 +0  2.297000000e+00  2.80e-02  2.80e-02  1.500000000e-01  4.00e-02  4.00e-02 1
       f_2(2340)    9090225 +0  2.350000000e+00  4.00e-02  5.00e-02  3.200000000e-01  6.00e-02  7.00e-02 1
              K+        321 +3  4.936770000e-01  1.60e-05  1.60e-05  5.317000000e-17  9.00e-20  9.00e-20 0
              K-       -321 -3  4.936770000e-01  1.60e-05  1.60e-05  5.317000000e-17  9.00e-20  9.00e-20 0
              K0        311 +0  4.976110000e-01  1.30e-05  1.30e-05                                      0
             K~0       -311 +0  4.976110000e-01  1.30e-05  1.30e-05                                      0
             KS0        310 +0  4.976110000e-01  1.30e-05  1.30e-05  7.350800000e-15  2.90e-18  2.90e-18 1
             KL0        130 +0  4.976110000e-01  1.30e-05  1.30e-05  1.287000000e-17  5.00e-20  5.00e-20 1
      K*_0(700)0    9000311 +0  8.240000000e-01  3.00e-02  3.00e-02  4.800000000e-01  5.00e-02  5.00e-02 0
      K*_0(700)+    9000321 +3  8.240000000e-01  3.00e-02  3.00e-02  4.800000000e-01  5.00e-02  5.00e-02 0
      K*_0(700)-   -9000321 -3  8.240000000e-01  3.00e-02  3.00e-02  4.800000000e-01  5.00e-02  5.00e-02 0
        K*(892)0        313 +0  8.955500000e-01  2.00e-04  2.00e-04  4.730000000e-02  5.00e-04  5.00e-04 0
       K*(892)~0       -313 +0  8.955500000e-01  2.00e-04  2.00e-04  4.730000000e-02  5.00e-04  5.00e-04 0
        K*(892)+        323 +3  8.955000000e-01  8.00e-04  8.00e-04  4.620000000e-02  1.30e-03  1.30e-03 0
        K*(892)-       -323 -3  8.955000000e-01  8.00e-04  8.00e-04  4.620000000e-02  1.30e-03  1.30e-03 0
      K_1(1270)0      10313 +0  1.253000000e+00  7.00e-03  7.00e-03  9.000000000e-02  2.00e-02  2.00e-02 0
      K_1(1270)+      10323 +3  1.253000000e+00  7.00e-03  7.00e-03  9.000000000e-02  2.00e-02  2.00e-02 0
      K_1(1270)-     -10323 -3  1.253000000e+00  7.00e-03  7.00e-03  9.000000000e-02  2.00e-02  2.00e-02 0
      K_1(1400)0      20313 +0  1.403000000e+00  7.00e-03  7.00e-03  1.740000000e-01  1.30e-02  1.30e-02 0
      K_1(1400)+      20323 +3  1.403000000e+00  7.00e-03  7.00e-03  1.740000000e-01  1.30e-02  1.30e-02 0
      K_1(1400)-     -20323 -3  1.403000000e+00  7.00e-03  7.00e-03  1.740000000e-01  1.30e-02  1.30e-02 0
       K*(1410)0     100313 +0  1.414000000e+00  1.50e-02  1.50e-02  2.320000000e-01  2.10e-02  2.10e-02 0
       K*(1410)+     100323 +3  1.414000000e+00  1.50e-02  1.50e-02  2.320000000e-01  2.10e-02  2.10e-02 0
       K*(1410)-    -100323 -3  1.414000000e+00  1.50e-02  1.50e-02  2.320000000e-01  2.10e-02  2.10e-02 0
     K*_0(1430)0      10311 +0  1.430000000e+00  5.00e-02  5.00e-02  2.700000000e-01  8.00e-02  8.00e-02 0
     K*_0(1430)+      10321 +3  1.430000000e+00  5.00e-02  5.00e-02  2.700000000e-01  8.00e-02  8.00e-02 0
     K*_0(1430)-     -10321 -3  1.430000000e+00  5.00e-02  5.00e-02  2.700000000e-01  8.00e-02  8.00e-02 0
     K*_2(1430)0        315 +0  1.432400000e+00  1.30e-03  1.30e-03  1.090000000e-01  5.00e-03  5.00e-03 0
    K*_2(1430)~0       -315 +0  1.432400000e+00  1.30e-03  1.30e-03  1.090000000e-01  5.00e-03  5.00e-03 0
     K*_2(1430)+        325 +3  1.427300000e+00  1.50e-03  1.50e-03  1.000000000e-01  2.10e-03  2.10e-03 0
     K*_2(1430)-       -325 -3  1.427300000e+00  1.50e-03  1.50e-03  1.000000000e-01  2.10e-03  2.10e-03 0
       K*(1680)0      30313 +0  1.718000000e+00  1.80e-02  1.80e-02  3.200000000e-01  1.10e-01  1.10e-01 0
       K*(1680)+      30323 +3  1.718000000e+00  1.80e-02  1.80e-02  3.200000000e-01  1.10e-01  1.10e-01 0
       K*(1680)-     -30323 -3  1.718000000e+00  1.80e-02  1.80e-02  3.200000000e-01  1.10e-01  1.10e-01 0
      K_2(1770)0      10315 +0  1.773000000e+00  8.00e-03  8.00e-03  1.860000000e-01  1.40e-02  1.40e-02 0
      K_2(1770)+      10325 +3  1.773000000e+00  8.00e-03  8.00e-03  1.860000000e-01  1.40e-02  1.40e-02 0
      K_2(1770)-     -10325 -3  1.773000000e+00  8.00e-03  8.00e-03  1.860000000e-01  1.40e-02  1.40e-02 0
     K*_3(1780)0        317 +0  1.776000000e+00  7.00e-03  7.00e-03  1.590000000e-01  2.10e-02  2.10e-02 0
     K*_3(1780)+        327 +3  1.776000000e+00  7.00e-03  7.00e-03  1.590000000e-01  2.10e-02  2.10e-02 0
     K*_3(1780)-       -327 -3  1.776000000e+00  7.00e-03  7.00e-03  1.590000000e-01  2.10e-02  2.10e-02 0
      K_2(1820)0      20315 +0  1.819000000e+00  1.20e-02  1.20e-02  2.640000000e-01  3.40e-02  3.40e-02 0
      K_2(1820)+      20325 +3  1.819000000e+00  1.20e-02  1.20e-02  2.640000000e-01  3.40e-02  3.40e-02 0
      K_2(1820)-     -20325 -3  1.819000000e+00  1.20e-02  1.20e-02  2.640000000e-01  3.40e-02  3.40e-02 0
     K*_4(2045)0        319 +0  2.048000000e+00  9.00e-03  8.00e-03  1.990000000e-01  1.90e-02  2.70e-02 0
     K*_4(2045)+        329 +3  2.048000000e+00  9.00e-03  8.00e-03  1.990000000e-01  1.90e-02  2.70e-02 0
     K*_4(2045)-       -329 -3  2.048000000e+00  9.00e-03  8.00e-03  1.990000000e-01  1.90e-02  2.70e-02 0
              D+        411 +3  1.869650000e+00  5.00e-05  5.00e-05  6.330000000e-13  4.00e-15  4.00e-15 0
              D-       -411 -3  1.869650000e+00  5.00e-05  5.00e-05  6.330000000e-13  4.00e-15  4.00e-15 0
              D0        421 +0  1.864830000e+00  5.00e-05  5.00e-05  1.605000000e-12  6.00e-15  6.00e-15 0
             D~0       -421 +0  1.864830000e+00  5.00e-05  5.00e-05  1.605000000e-12  6.00e-15  6.00e-15 0
       D*(2007)0        423 +0  2.006850000e+00  5.00e-05  5.00e-05                                      0
      D*(2007)~0       -423 +0  2.006850000e+00  5.00e-05  5.00e-05                                      0
       D*(2010)+        413 +3  2.010260000e+00  5.00e-05  5.00e-05  8.340000000e-05  1.80e-06  1.80e-06 0
       D*(2010)-       -413 -3  2.010260000e+00  5.00e-05  5.00e-05  8.340000000e-05  1.80e-06  1.80e-06 0
     D*_0(2300)0      10421 +0  2.300000000e+00  1.90e-02  1.90e-02  2.700000000e-01  4.00e-02  4.00e-02 0
     D*_0(2300)+      10411 +3  2.300000000e+00  1.90e-02  1.90e-02  2.700000000e-01  4.00e-02  4.00e-02 0
     D*_0(2300)-     -10411 -3  2.300000000e+00  1.90e-02  1.90e-02  2.700000000e-01  4.00e-02  4.00e-02 0
      D_1(2420)0      10423 +0  2.420800000e+00  5.00e-04  5.00e-04  3.170000000e-02  2.50e-03  2.50e-03 0
     D_1(2420)~0     -10423 +0  2.420800000e+00  5.00e-04  5.00e-04  3.170000000e-02  2.50e-03  2.50e-03 0
     D*_2(2460)0        425 +0  2.460700000e+00  4.00e-04  4.00e-04  4.750000000e-02  1.10e-03  1.10e-03 0
    D*_2(2460)~0       -425 +0  2.460700000e+00  4.00e-04  4.00e-04  4.750000000e-02  1.10e-03  1.10e-03 0
     D*_2(2460)+        415 +3  2.465400000e+00  1.30e-03  1.30e-03  4.670000000e-02  1.20e-03  1.20e-03 0
     D*_2(2460)-       -415 -3  2.465400000e+00  1.30e-03  1.30e-03  4.670000000e-02  1.20e-03  1.20e-03 0
            D_s+        431 +3  1.968340000e+00  7.00e-05  7.00e-05  1.305000000e-12  1.00e-14  1.00e-14 0
            D_s-       -431 -3  1.968340000e+00  7.00e-05  7.00e-05  1.305000000e-12  1.00e-14  1.00e-14 0
           D*_s+        433 +3  2.112200000e+00  4.00e-04  4.00e-04                                      0
           D*_s-       -433 -3  2.112200000e+00  4.00e-04  4.00e-04                                      0
    D*_s0(2317)+      10431 +3  2.317800000e+00  5.00e-04  5.00e-04                                      0
    D*_s0(2317)-     -10431 -3  2.317800000e+00  5.00e-04  5.00e-04                                      0
     D_s1(2460)+      20433 +3  2.459500000e+00  6.00e-04  6.00e-04                                      0
     D_s1(2460)-     -20433 -3  2.459500000e+00  6.00e-04  6.00e-04                                      0
     D_s1(2536)+      10433 +3  2.535110000e+00  6.00e-05  6.00e-05  9.200000000e-04  5.00e-05  5.00e-05 0
     D_s1(2536)-     -10433 -3  2.535110000e+00  6.00e-05  6.00e-05  9.200000000e-04  5.00e-05  5.00e-05 0
    D*_s2(2573)+        435 +3  2.569100000e+00  8.00e-04  8.00e-04  1.690000000e-02  7.00e-04  7.00e-04 0
    D*_s2(2573)-       -435 -3  2.569100000e+00  8.00e-04  8.00e-04  1.690000000e-02  7.00e-04  7.00e-04 0
              B+        521 +3  5.279340000e+00  1.20e-04  1.20e-04  4.018000000e-13  1.00e-15  1.00e-15 0
              B-       -521 -3  5.279340000e+00  1.20e-04  1.20e-04  4.018000000e-13  1.00e-15  1.00e-15 0
              B0        511 +0  5.279650000e+00  1.20e-04  1.20e-04  4.333000000e-13  1.10e-15  1.10e-15 0
             B~0       -511 +0  5.279650000e+00  1.20e-04  1.20e-04  4.333000000e-13  1.10e-15  1.10e-15 0
             B*0        513 +0  5.324700000e+00  2.10e-04  2.10e-04                                      0
             B*+        523 +3  5.324700000e+00  2.10e-04  2.10e-04                                      0
             B*-       -523 -3  5.324700000e+00  2.10e-04  2.10e-04                                      0
     B*_2(5747)0        515 +0  5.739500000e+00  7.00e-04  7.00e-04  2.420000000e-02  1.70e-03  1.70e-03 0
     B*_2(5747)+        525 +3  5.739500000e+00  7.00e-04  7.00e-04  2.420000000e-02  1.70e-03  1.70e-03 0
     B*_2(5747)-       -525 -3  5.739500000e+00  7.00e-04  7.00e-04  2.420000000e-02  1.70e-03  1.70e-03 0
            B_s0        531 +0  5.366880000e+00  1.40e-04  1.40e-04  4.345000000e-13  1.10e-15  1.10e-15 0
           B_s~0       -531 +0  5.366880000e+00  1.40e-04  1.40e-04  4.345000000e-13  1.10e-15  1.10e-15 0
           B*_s0        533 +0  5.415400000e+00  1.50e-03  1.80e-03                                      0
          B*_s~0       -533 +0  5.415400000e+00  1.50e-03  1.80e-03                                      0
    B*_s2(5840)0        535 +0  5.839860000e+00  1.20e-04  1.20e-04  1.490000000e-03  2.70e-04  2.70e-04 0
   B*_s2(5840)~0       -535 +0  5.839860000e+00  1.20e-04  1.20e-04  1.490000000e-03  2.70e-04  2.70e-04 0
            B_c+        541 +3  6.274900000e+00  8.00e-04  8.00e-04  1.291000000e-12  2.30e-14  2.30e-14 0
            B_c-       -541 -3  6.274900000e+00  8.00e-04  8.00e-04  1.291000000e-12  2.30e-14  2.30e-14 0
       eta_c(1S)        441 +0  2.983900000e+00  5.00e-04  5.00e-04  3.200000000e-02  7.00e-04  7.00e-04 1
       J/psi(1S)        443 +0  3.096900000e+00  6.00e-06  6.00e-06  9.290000000e-05  2.80e-06  2.80e-06 1
      chi_c0(1P)      10441 +0  3.414710000e+00  3.00e-04  3.00e-04  1.080000000e-02  6.00e-04  6.00e-04 1
      chi_c1(1P)      20443 +0  3.510670000e+00  5.00e-05  5.00e-05  8.400000000e-04  4.00e-05  4.00e-05 1
         h_c(1P)      10443 +0  3.525380000e+00  1.10e-04  1.10e-04  7.000000000e-04  4.00e-04  4.00e-04 1
      chi_c2(1P)        445 +0  3.556170000e+00  7.00e-05  7.00e-05  1.970000000e-03  9.00e-05  9.00e-05 1
       eta_c(2S)     100441 +0  3.637500000e+00  1.10e-03  1.10e-03  1.130000000e-02  2.90e-03  3.20e-03 1
         psi(2S)     100443 +0  3.686100000e+00  6.00e-05  6.00e-05  2.940000000e-04  8.00e-06  8.00e-06 1
       psi(3770)      30443 +0  3.773700000e+00  4.00e-04  4.00e-04  2.720000000e-02  1.00e-03  1.00e-03 1
    chi_c2(3930)     100445 +0  3.922200000e+00  1.00e-03  1.00e-03  3.530000000e-02  2.80e-03  2.80e-03 1
       psi(4040)    9000443 +0  4.039000000e+00  1.00e-03  1.00e-03  8.000000000e-02  1.00e-02  1.00e-02 1
       psi(4160)    9010443 +0  4.191000000e+00  5.00e-03  5.00e-03  7.000000000e-02  1.00e-02  1.00e-02 1
       psi(4415)    9020443 +0  4.421000000e+00  4.00e-03  4.00e-03  6.200000000e-02  2.00e-02  2.00e-02 1
     Upsilon(1S)        553 +0  9.460300000e+00  2.60e-04  2.60e-04  5.400000000e-05  1.30e-06  1.30e-06 1
      chi_b0(1P)      10551 +0  9.859400000e+00  5.00e-04  5.00e-04                                      1
      chi_b1(1P)      20553 +0  9.892800000e+00  4.00e-04  4.00e-04                                      1
         h_b(1P)      10553 +0  9.899300000e+00  8.00e-04  8.00e-04                                      1
      chi_b2(1P)        555 +0  9.912200000e+00  4.00e-04  4.00e-04                                      1
     Upsilon(2S)     100553 +0  1.002326000e+01  3.10e-04  3.10e-04  3.200000000e-05  2.60e-06  2.60e-06 1
   Upsilon_2(1D)      20555 +0  1.016370000e+01  1.40e-03  1.40e-03                                      1
      chi_b0(2P)     110551 +0  1.023250000e+01  6.00e-04  6.00e-04                                      1
      chi_b1(2P)     120553 +0  1.025550000e+01  5.00e-04  5.00e-04                                      1
      chi_b2(2P)     100555 +0  1.026860000e+01  5.00e-04  5.00e-04                                      1
     Upsilon(3S)     200553 +0  1.035520000e+01  5.00e-04  5.00e-04  2.030000000e-05  1.90e-06  1.90e-06 1
     Upsilon(4S)     300553 +0  1.057940000e+01  1.20e-03  1.20e-03  2.050000000e-02  2.50e-03  2.50e-03 1
  Upsilon(10860)    9000553 +0  1.088520000e+01  1.60e-03  2.60e-03  3.700000000e-02  4.00e-03  4.00e-03 1
  Upsilon(11020)    9010553 +0  1.100000000e+01  4.00e-03  4.00e-03  2.400000000e-02  6.00e-03  8.00e-03 1
               p       2212 +3  9.382720810e-01  6.00e-09  6.00e-09  0.000000000e+00  0.00e+00  0.00e+00 0
              p~      -2212 -3  9.382720810e-01  6.00e-09  6.00e-09  0.000000000e+00  0.00e+00  0.00e+00 0
               n       2112 +0  9.395654130e-01  6.00e-09  6.00e-09  7.485000000e-28  5.00e-31  5.00e-31 0
              n~      -2112 +0  9.395654130e-01  6.00e-09  6.00e-09  7.485000000e-28  5.00e-31  5.00e-31 0
        N(1440)0      12112 +0  1.440000000e+00  3.00e-02  3.00e-02  3.500000000e-01  1.00e-01  1.00e-01 0
       N(1440)~0     -12112 +0  1.440000000e+00  3.00e-02  3.00e-02  3.500000000e-01  1.00e-01  1.00e-01 0
        N(1440)+      12212 +3  1.440000000e+00  3.00e-02  3.00e-02  3.500000000e-01  1.00e-01  1.00e-01 0
       N(1440)~-     -12212 -3  1.440000000e+00  3.00e-02  3.00e-02  3.500000000e-01  1.00e-01  1.00e-01 0
        N(1520)0       1214 +0  1.515000000e+00  5.00e-03  5.00e-03  1.100000000e-01  1.00e-02  1.00e-02 0
       N(1520)~0      -1214 +0  1.515000000e+00  5.00e-03  5.00e-03  1.100000000e-01  1.00e-02  1.00e-02 0
        N(1520)+       2124 +3  1.515000000e+00  5.00e-03  5.00e-03  1.100000000e-01  1.00e-02  1.00e-02 0
       N(1520)~-      -2124 -3  1.515000000e+00  5.00e-03  5.00e-03  1.100000000e-01  1.00e-02  1.00e-02 0
        N(1535)0      22112 +0  1.530000000e+00  1.50e-02  1.50e-02  1.500000000e-01  2.50e-02  2.50e-02 0
       N(1535)~0     -22112 +0  1.530000000e+00  1.50e-02  1.50e-02  1.500000000e-01  2.50e-02  2.50e-02 0
        N(1535)+      22212 +3  1.530000000e+00  1.50e-02  1.50e-02  1.500000000e-01  2.50e-02  2.50e-02 0
       N(1535)~-     -22212 -3  1.530000000e+00  1.50e-02  1.50e-02  1.500000000e-01  2.50e-02  2.50e-02 0
        N(1650)0      32112 +0  1.650000000e+00  1.50e-02  1.50e-02  1.250000000e-01  2.50e-02  2.50e-02 0
       N(1650)~0     -32112 +0  1.650000000e+00  1.50e-02  1.50e-02  1.250000000e-01  2.50e-02  2.50e-02 0
        N(1650)+      32212 +3  1.650000000e+00  1.50e-02  1.50e-02  1.250000000e-01  2.50e-02  2.50e-02 0
       N(1650)~-     -32212 -3  1.650000000e+00  1.50e-02  1.50e-02  1.250000000e-01  2.50e-02  2.50e-02 0
        N(1675)0       2116 +0  1.675000000e+00  1.00e-02  5.00e-03  1.450000000e-01  1.50e-02  1.50e-02 0
       N(1675)~0      -2116 +0  1.675000000e+00  1.00e-02  5.00e-03  1.450000000e-01  1.50e-02  1.50e-02 0
        N(1675)+       2216 +3  1.675000000e+00  1.00e-02  5.00e-03  1.450000000e-01  1.50e-02  1.50e-02 0
       N(1675)~-      -2216 -3  1.675000000e+00  1.00e-02  5.00e-03  1.450000000e-01  1.50e-02  1.50e-02 0
        N(1680)0      12116 +0  1.685000000e+00  5.00e-03  5.00e-03  1.200000000e-01  5.00e-03  1.00e-02 0
       N(1680)~0     -12116 +0  1.685000000e+00  5.00e-03  5.00e-03  1.200000000e-01  5.00e-03  1.00e-02 0
        N(1680)+      12216 +3  1.685000000e+00  5.00e-03  5.00e-03  1.200000000e-01  5.00e-03  1.00e-02 0
       N(1680)~-     -12216 -3  1.685000000e+00  5.00e-03  5.00e-03  1.200000000e-01  5.00e-03  1.00e-02 0
        N(1700)0      21214 +0  1.720000000e+00  7.00e-02  8.00e-02  2.000000000e-01  1.00e-01  1.00e-01 0
       N(1700)~0     -21214 +0  1.720000000e+00  7.00e-02  8.00e-02  2.000000000e-01  1.00e-01  1.00e-01 0
        N(1700)+      22124 +3  1.720000000e+00  7.00e-02  8.00e-02  2.000000000e-01  1.00e-01  1.00e-01 0
       N(1700)~-     -22124 -3  1.720000000e+00  7.00e-02  8.00e-02  2.000000000e-01  1.00e-01  1.00e-01 0
        N(1710)0      42112 +0  1.710000000e+00  3.00e-02  3.00e-02  1.400000000e-01  6.00e-02  6.00e-02 0
       N(1710)~0     -42112 +0  1.710000000e+00  3.00e-02  3.00e-02  1.400000000e-01  6.00e-02  6.00e-02 0
        N(1710)+      42212 +3  1.710000000e+00  3.00e-02  3.00e-02  1.400000000e-01  6.00e-02  6.00e-02 0
       N(1710)~-     -42212 -3  1.710000000e+00  3.00e-02  3.00e-02  1.400000000e-01  6.00e-02  6.00e-02 0
        N(1720)0      31214 +0  1.720000000e+00  4.00e-02  3.00e-02  2.500000000e-01  1.00e-01  1.50e-01 0
       N(1720)~0     -31214 +0  1.720000000e+00  4.00e-02  3.00e-02  2.500000000e-01  1.00e-01  1.50e-01 0
        N(1720)+      32124 +3  1.720000000e+00  4.00e-02  3.00e-02  2.500000000e-01  1.00e-01  1.50e-01 0
       N(1720)~-     -32124 -3  1.720000000e+00  4.00e-02  3.00e-02  2.500000000e-01  1.00e-01  1.50e-01 0
        N(2190)0       1218 +0  2.180000000e+00  4.00e-02  4.00e-02  4.000000000e-01  1.00e-01  1.00e-01 0
       N(2190)~0      -1218 +0  2.180000000e+00  4.00e-02  4.00e-02  4.000000000e-01  1.00e-01  1.00e-01 0
        N(2190)+       2128 +3  2.180000000e+00  4.00e-02  4.00e-02  4.000000000e-01  1.00e-01  1.00e-01 0
       N(2190)~-      -2128 -3  2.180000000e+00  4.00e-02  4.00e-02  4.000000000e-01  1.00e-01  1.00e-01 0
    Delta(1232)-       1114 -3  1.232000000e+00  2.00e-03  2.00e-03  1.170000000e-01  3.00e-03  3.00e-03 0
   Delta(1232)~+      -1114 +3  1.232000000e+00  2.00e-03  2.00e-03  1.170000000e-01  3.00e-03  3.00e-03 0
    Delta(1232)0       2114 +0  1.232000000e+00  2.00e-03  2.00e-03  1.170000000e-01  3.00e-03  3.00e-03 0
   Delta(1232)~0      -2114 +0  1.232000000e+00  2.00e-03  2.00e-03  1.170000000e-01  3.00e-03  3.00e-03 0
    Delta(1232)+       2214 +3  1.232000000e+00  2.00e-03  2.00e-03  1.170000000e-01  3.00e-03  3.00e-03 0
   Delta(1232)~-      -2214 -3  1.232000000e+00  2.00e-03  2.00e-03  1.170000000e-01  3.00e-03  3.00e-03 0
   Delta(1232)++       2224 +6  1.232000000e+00  2.00e-03  2.00e-03  1.170000000e-01  3.00e-03  3.00e-03 0
  Delta(1232)~--      -2224 -6  1.232000000e+00  2.00e-03  2.00e-03  1.170000000e-01  3.00e-03  3.00e-03 0
    Delta(1600)-      31114 -3  1.570000000e+00  7.00e-02  7.00e-02  2.500000000e-01  5.00e-02  5.00e-02 0
   Delta(1600)~+     -31114 +3  1.570000000e+00  7.00e-02  7.00e-02  2.500000000e-01  5.00e-02  5.00e-02 0
    Delta(1600)0      32114 +0  1.570000000e+00  7.00e-02  7.00e-02  2.500000000e-01  5.00e-02  5.00e-02 0
   Delta(1600)~0     -32114 +0  1.570000000e+00  7.00e-02  7.00e-02  2.500000000e-01  5.00e-02  5.00e-02 0
    Delta(1600)+      32214 +3  1.570000000e+00  7.00e-02  7.00e-02  2.500000000e-01  5.00e-02  5.00e-02 0
   Delta(1600)~-     -32214 -3  1.570000000e+00  7.00e-02  7.00e-02  2.500000000e-01  5.00e-02  5.00e-02 0
   Delta(1600)++      32224 +6  1.570000000e+00  7.00e-02  7.00e-02  2.500000000e-01  5.00e-02  5.00e-02 0
  Delta(1600)~--     -32224 -6  1.570000000e+00  7.00e-02  7.00e-02  2.500000000e-01  5.00e-02  5.00e-02 0
    Delta(1620)-       1112 -3  1.610000000e+00  2.00e-02  2.00e-02  1.300000000e-01  2.00e-02  2.00e-02 0
   Delta(1620)~+      -1112 +3  1.610000000e+00  2.00e-02  2.00e-02  1.300000000e-01  2.00e-02  2.00e-02 0
    Delta(1620)0       1212 +0  1.610000000e+00  2.00e-02  2.00e-02  1.300000000e-01  2.00e-02  2.00e-02 0
   Delta(1620)~0      -1212 +0  1.610000000e+00  2.00e-02  2.00e-02  1.300000000e-01  2.00e-02  2.00e-02 0
    Delta(1620)+       2122 +3  1.610000000e+00  2.00e-02  2.00e-02  1.300000000e-01  2.00e-02  2.00e-02 0
   Delta(1620)~-      -2122 -3  1.610000000e+00  2.00e-02  2.00e-02  1.300000000e-01  2.00e-02  2.00e-02 0
   Delta(1620)++       2222 +6  1.610000000e+00  2.00e-02  2.00e-02  1.300000000e-01  2.00e-02  2.00e-02 0
  Delta(1620)~--      -2222 -6  1.610000000e+00  2.00e-02  2.00e-02  1.300000000e-01  2.00e-02  2.00e-02 0
    Delta(1700)-      11114 -3  1.710000000e+00  2.00e-02  2.00e-02  3.000000000e-01  8.00e-02  8.00e-02 0
   Delta(1700)~+     -11114 +3  1.710000000e+00  2.00e-02  2.00e-02  3.000000000e-01  8.00e-02  8.00e-02 0
    Delta(1700)0      12114 +0  1.710000000e+00  2.00e-02  2.00e-02  3.000000000e-01  8.00e-02  8.00e-02 0
   Delta(1700)~0     -12114 +0  1.710000000e+00  2.00e-02  2.00e-02  3.000000000e-01  8.00e-02  8.00e-02 0
    Delta(1700)+      12214 +3  1.710000000e+00  2.00e-02  2.00e-02  3.000000000e-01  8.00e-02  8.00e-02 0
   Delta(1700)~-     -12214 -3  1.710000000e+00  2.00e-02  2.00e-02  3.000000000e-01  8.00e-02  8.00e-02 0
   Delta(1700)++      12224 +6  1.710000000e+00  2.00e-02  2.00e-02  3.000000000e-01  8.00e-02  8.00e-02 0
  Delta(1700)~--     -12224 -6  1.710000000e+00  2.00e-02  2.00e-02  3.000000000e-01  8.00e-02  8.00e-02 0
    Delta(1900)-      11112 -3  1.860000000e+00  2.00e-02  6.00e-02  2.500000000e-01  7.00e-02  7.00e-02 0
   Delta(1900)~+     -11112 +3  1.860000000e+00  2.00e-02  6.00e-02  2.500000000e-01  7.00e-02  7.00e-02 0
    Delta(1900)0      11212 +0  1.860000000e+00  2.00e-02  6.00e-02  2.500000000e-01  7.00e-02  7.00e-02 0
   Delta(1900)~0     -11212 +0  1.860000000e+00  2.00e-02  6.00e-02  2.500000000e-01  7.00e-02  7.00e-02 0
    Delta(1900)+      12122 +3  1.860000000e+00  2.00e-02  6.00e-02  2.500000000e-01  7.00e-02  7.00e-02 0
   Delta(1900)~-     -12122 -3  1.860000000e+00  2.00e-02  6.00e-02  2.500000000e-01  7.00e-02  7.00e-02 0
   Delta(1900)++      12222 +6  1.860000000e+00  2.00e-02  6.00e-02  2.500000000e-01  7.00e-02  7.00e-02 0
  Delta(1900)~--     -12222 -6  1.860000000e+00  2.00e-02  6.00e-02  2.500000000e-01  7.00e-02  7.00e-02 0
    Delta(1905)-       1116 -3  1.880000000e+00  2.50e-02  3.00e-02  3.300000000e-01  6.00e-02  7.00e-02 0
   Delta(1905)~+      -1116 +3  1.880000000e+00  2.50e-02  3.00e-02  3.300000000e-01  6.00e-02  7.00e-02 0
    Delta(1905)0       1216 +0  1.880000000e+00  2.50e-02  3.00e-02  3.300000000e-01  6.00e-02  7.00e-02 0
   Delta(1905)~0      -1216 +0  1.880000000e+00  2.50e-02  3.00e-02  3.300000000e-01  6.00e-02  7.00e-02 0
    Delta(1905)+       2126 +3  1.880000000e+00  2.50e-02  3.00e-02  3.300000000e-01  6.00e-02  7.00e-02 0
   Delta(1905)~-      -2126 -3  1.880000000e+00  2.50e-02  3.00e-02  3.300000000e-01  6.00e-02  7.00e-02 0
   Delta(1905)++       2226 +6  1.880000000e+00  2.50e-02  3.00e-02  3.300000000e-01  6.00e-02  7.00e-02 0
  Delta(1905)~--      -2226 -6  1.880000000e+00  2.50e-02  3.00e-02  3.300000000e-01  6.00e-02  7.00e-02 0
    Delta(1910)-      21112 -3  1.900000000e+00  5.00e-02  5.00e-02  3.000000000e-01  1.00e-01  1.00e-01 0
   Delta(1910)~+     -21112 +3  1.900000000e+00  5.00e-02  5.00e-02  3.000000000e-01  1.00e-01  1.00e-01 0
    Delta(1910)0      21212 +0  1.900000000e+00  5.00e-02  5.00e-02  3.000000000e-01  1.00e-01  1.00e-01 0
   Delta(1910)~0     -21212 +0  1.900000000e+00  5.00e-02  5.00e-02  3.000000000e-01  1.00e-01  1.00e-01 0
    Delta(1910)+      22122 +3  1.900000000e+00  5.00e-02  5.00e-02  3.000000000e-01  1.00e-01  1.00e-01 0
   Delta(1910)~-     -22122 -3  1.900000000e+00  5.00e-02  5.00e-02  3.000000000e-01  1.00e-01  1.00e-01 0
   Delta(1910)++      22222 +6  1.900000000e+00  5.00e-02  5.00e-02  3.000000000e-01  1.00e-01  1.00e-01 0
  Delta(1910)~--     -22222 -6  1.900000000e+00  5.00e-02  5.00e-02  3.000000000e-01  1.00e-01  1.00e-01 0
    Delta(1920)-      21114 -3  1.920000000e+00  5.00e-02  5.00e-02  3.000000000e-01  6.00e-02  6.00e-02 0
   Delta(1920)~+     -21114 +3  1.920000000e+00  5.00e-02  5.00e-02  3.000000000e-01  6.00e-02  6.00e-02 0
    Delta(1920)0      22114 +0  1.920000000e+00  5.00e-02  5.00e-02  3.000000000e-01  6.00e-02  6.00e-02 0
   Delta(1920)~0     -22114 +0  1.920000000e+00  5.00e-02  5.00e-02  3.000000000e-01  6.00e-02  6.00e-02 0
    Delta(1920)+      22214 +3  1.920000000e+00  5.00e-02  5.00e-02  3.000000000e-01  6.00e-02  6.00e-02 0
   Delta(1920)~-     -22214 -3  1.920000000e+00  5.00e-02  5.00e-02  3.000000000e-01  6.00e-02  6.00e-02 0
   Delta(1920)++      22224 +6  1.920000000e+00  5.00e-02  5.00e-02  3.000000000e-01  6.00e-02  6.00e-02 0
  Delta(1920)~--     -22224 -6  1.920000000e+00  5.00e-02  5.00e-02  3.000000000e-01  6.00e-02  6.00e-02 0
    Delta(1930)-      11116 -3  1.950000000e+00  5.00e-02  5.00e-02  3.000000000e-01  1.00e-01  1.00e-01 0
   Delta(1930)~+     -11116 +3  1.950000000e+00  5.00e-02  5.00e-02  3.000000000e-01  1.00e-01  1.00e-01 0
    Delta(1930)0      11216 +0  1.950000000e+00  5.00e-02  5.00e-02  3.000000000e-01  1.00e-01  1.00e-01 0
   Delta(1930)~0     -11216 +0  1.950000000e+00  5.00e-02  5.00e-02  3.000000000e-01  1.00e-01  1.00e-01 0
    Delta(1930)+      12126 +3  1.950000000e+00  5.00e-02  5.00e-02  3.000000000e-01  1.00e-01  1.00e-01 0
   Delta(1930)~-     -12126 -3  1.950000000e+00  5.00e-02  5.00e-02  3.000000000e-01  1.00e-01  1.00e-01 0
   Delta(1930)++      12226 +6  1.950000000e+00  5.00e-02  5.00e-02  3.000000000e-01  1.00e-01  1.00e-01 0
  Delta(1930)~--     -12226 -6  1.950000000e+00  5.00e-02  5.00e-02  3.000000000e-01  1.00e-01  1.00e-01 0
    Delta(1950)-       1118 -3  1.930000000e+00  1.50e-02  2.00e-02  2.800000000e-01  5.00e-02  5.00e-02 0
   Delta(1950)~+      -1118 +3  1.930000000e+00  1.50e-02  2.00e-02  2.800000000e-01  5.00e-02  5.00e-02 0
    Delta(1950)0       2118 +0  1.930000000e+00  1.50e-02  2.00e-02  2.800000000e-01  5.00e-02  5.00e-02 0
   Delta(1950)~0      -2118 +0  1.930000000e+00  1.50e-02  2.00e-02  2.800000000e-01  5.00e-02  5.00e-02 0
    Delta(1950)+       2218 +3  1.930000000e+00  1.50e-02  2.00e-02  2.800000000e-01  5.00e-02  5.00e-02 0
   Delta(1950)~-      -2218 -3  1.930000000e+00  1.50e-02  2.00e-02  2.800000000e-01  5.00e-02  5.00e-02 0
   Delta(1950)++       2228 +6  1.930000000e+00  1.50e-02  2.00e-02  2.800000000e-01  5.00e-02  5.00e-02 0
  Delta(1950)~--      -2228 -6  1.930000000e+00  1.50e-02  2.00e-02  2.800000000e-01  5.00e-02  5.00e-02 0
          Lambda       3122 +0  1.115683000e+00  6.00e-06  6.00e-06  2.501000000e-15  1.90e-17  1.90e-17 0
         Lambda~      -3122 +0  1.115683000e+00  6.00e-06  6.00e-06  2.501000000e-15  1.90e-17  1.90e-17 0
    Lambda(1405)      13122 +0  1.405100000e+00  1.00e-03  1.30e-03  5.050000000e-02  2.00e-03  2.00e-03 0
   Lambda(1405)~     -13122 +0  1.405100000e+00  1.00e-03  1.30e-03  5.050000000e-02  2.00e-03  2.00e-03 0
    Lambda(1520)       3124 +0  1.519000000e+00  1.00e-03  1.00e-03  1.600000000e-02  1.00e-03  1.00e-03 0
   Lambda(1520)~      -3124 +0  1.519000000e+00  1.00e-03  1.00e-03  1.600000000e-02  1.00e-03  1.00e-03 0
    Lambda(1600)      23122 +0  1.600000000e+00  3.00e-02  3.00e-02  2.000000000e-01  5.00e-02  5.00e-02 0
   Lambda(1600)~     -23122 +0  1.600000000e+00  3.00e-02  3.00e-02  2.000000000e-01  5.00e-02  5.00e-02 0
    Lambda(1670)      33122 +0  1.674000000e+00  4.00e-03  4.00e-03  3.000000000e-02  5.00e-03  5.00e-03 0
   Lambda(1670)~     -33122 +0  1.674000000e+00  4.00e-03  4.00e-03  3.000000000e-02  5.00e-03  5.00e-03 0
    Lambda(1690)      13124 +0  1.690000000e+00  5.00e-03  5.00e-03  7.000000000e-02  1.00e-02  1.00e-02 0
   Lambda(1690)~     -13124 +0  1.690000000e+00  5.00e-03  5.00e-03  7.000000000e-02  1.00e-02  1.00e-02 0
    Lambda(1800)      43122 +0  1.800000000e+00  5.00e-02  5.00e-02  2.000000000e-01  5.00e-02  5.00e-02 0
   Lambda(1800)~     -43122 +0  1.800000000e+00  5.00e-02  5.00e-02  2.000000000e-01  5.00e-02  5.00e-02 0
    Lambda(1810)      53122 +0  1.790000000e+00  5.00e-02  5.00e-02  1.100000000e-01  6.00e-02  6.00e-02 0
   Lambda(1810)~     -53122 +0  1.790000000e+00  5.00e-02  5.00e-02  1.100000000e-01  6.00e-02  6.00e-02 0
    Lambda(1820)       3126 +0  1.820000000e+00  5.00e-03  5.00e-03  8.000000000e-02  1.00e-02  1.00e-02 0
   Lambda(1820)~      -3126 +0  1.820000000e+00  5.00e-03  5.00e-03  8.000000000e-02  1.00e-02  1.00e-02 0
    Lambda(1830)      13126 +0  1.825000000e+00  5.00e-03  5.00e-03  9.000000000e-02  3.00e-02  3.00e-02 0
   Lambda(1830)~     -13126 +0  1.825000000e+00  5.00e-03  5.00e-03  9.000000000e-02  3.00e-02  3.00e-02 0
    Lambda(1890)      23124 +0  1.890000000e+00  2.00e-02  2.00e-02  1.200000000e-01  4.00e-02  4.00e-02 0
   Lambda(1890)~     -23124 +0  1.890000000e+00  2.00e-02  2.00e-02  1.200000000e-01  4.00e-02  4.00e-02 0
    Lambda(2100)       3128 +0  2.100000000e+00  1.00e-02  1.00e-02  2.000000000e-01  1.00e-01  5.00e-02 0
   Lambda(2100)~      -3128 +0  2.100000000e+00  1.00e-02  1.00e-02  2.000000000e-01  1.00e-01  5.00e-02 0
    Lambda(2110)      23126 +0  2.090000000e+00  4.00e-02  4.00e-02  2.500000000e-01  5.00e-02  5.00e-02 0
   Lambda(2110)~     -23126 +0  2.090000000e+00  4.00e-02  4.00e-02  2.500000000e-01  5.00e-02  5.00e-02 0
          Sigma+       3222 +3  1.189370000e+00  7.00e-05  7.00e-05  8.209000000e-15  2.70e-17  2.70e-17 0
         Sigma~-      -3222 -3  1.189370000e+00  7.00e-05  7.00e-05  8.209000000e-15  2.70e-17  2.70e-17 0
           Sigma       3212 +0  1.192642000e+00  2.40e-05  2.40e-05  8.900000000e-06  8.00e-07  9.00e-07 0
          Sigma~      -3212 +0  1.192642000e+00  2.40e-05  2.40e-05  8.900000000e-06  8.00e-07  9.00e-07 0
          Sigma-       3112 -3  1.197449000e+00  3.00e-05  3.00e-05  4.450000000e-15  3.20e-17  3.20e-17 0
         Sigma~+      -3112 +3  1.197449000e+00  3.00e-05  3.00e-05  4.450000000e-15  3.20e-17  3.20e-17 0
    Sigma(1385)-       3114 -3  1.387200000e+00  5.00e-04  5.00e-04  3.940000000e-02  2.10e-03  2.10e-03 0
   Sigma(1385)~+      -3114 +3  1.387200000e+00  5.00e-04  5.00e-04  3.940000000e-02  2.10e-03  2.10e-03 0
     Sigma(1385)       3214 +0  1.383700000e+00  1.00e-03  1.00e-03  3.600000000e-02  5.00e-03  5.00e-03 0
    Sigma(1385)~      -3214 +0  1.383700000e+00  1.00e-03  1.00e-03  3.600000000e-02  5.00e-03  5.00e-03 0
    Sigma(1385)+       3224 +3  1.382800000e+00  3.50e-04  3.50e-04  3.600000000e-02  7.00e-04  7.00e-04 0
   Sigma(1385)~-      -3224 -3  1.382800000e+00  3.50e-04  3.50e-04  3.600000000e-02  7.00e-04  7.00e-04 0
    Sigma(1660)-      13112 -3  1.660000000e+00  2.00e-02  2.00e-02  2.000000000e-01  1.00e-01  1.00e-01 0
   Sigma(1660)~+     -13112 +3  1.660000000e+00  2.00e-02  2.00e-02  2.000000000e-01  1.00e-01  1.00e-01 0
    Sigma(1660)0      13212 +0  1.660000000e+00  2.00e-02  2.00e-02  2.000000000e-01  1.00e-01  1.00e-01 0
   Sigma(1660)~0     -13212 +0  1.660000000e+00  2.00e-02  2.00e-02  2.000000000e-01  1.00e-01  1.00e-01 0
    Sigma(1660)+      13222 +3  1.660000000e+00  2.00e-02  2.00e-02  2.000000000e-01  1.00e-01  1.00e-01 0
   Sigma(1660)~-     -13222 -3  1.660000000e+00  2.00e-02  2.00e-02  2.000000000e-01  1.00e-01  1.00e-01 0
    Sigma(1670)-      13114 -3  1.675000000e+00  1.00e-02  1.00e-02  7.000000000e-02  3.00e-02  3.00e-02 0
   Sigma(1670)~+     -13114 +3  1.675000000e+00  1.00e-02  1.00e-02  7.000000000e-02  3.00e-02  3.00e-02 0
    Sigma(1670)0      13214 +0  1.675000000e+00  1.00e-02  1.00e-02  7.000000000e-02  3.00e-02  3.00e-02 0
   Sigma(1670)~0     -13214 +0  1.675000000e+00  1.00e-02  1.00e-02  7.000000000e-02  3.00e-02  3.00e-02 0
    Sigma(1670)+      13224 +3  1.675000000e+00  1.00e-02  1.00e-02  7.000000000e-02  3.00e-02  3.00e-02 0
   Sigma(1670)~-     -13224 -3  1.675000000e+00  1.00e-02  1.00e-02  7.000000000e-02  3.00e-02  3.00e-02 0
    Sigma(1750)-      23112 -3  1.750000000e+00  5.00e-02  5.00e-02  1.500000000e-01  5.00e-02  5.00e-02 0
   Sigma(1750)~+     -23112 +3  1.750000000e+00  5.00e-02  5.00e-02  1.500000000e-01  5.00e-02  5.00e-02 0
    Sigma(1750)0      23212 +0  1.750000000e+00  5.00e-02  5.00e-02  1.500000000e-01  5.00e-02  5.00e-02 0
   Sigma(1750)~0     -23212 +0  1.750000000e+00  5.00e-02  5.00e-02  1.500000000e-01  5.00e-02  5.00e-02 0
    Sigma(1750)+      23222 +3  1.750000000e+00  5.00e-02  5.00e-02  1.500000000e-01  5.00e-02  5.00e-02 0
   Sigma(1750)~-     -23222 -3  1.750000000e+00  5.00e-02  5.00e-02  1.500000000e-01  5.00e-02  5.00e-02 0
    Sigma(1775)-       3116 -3  1.775000000e+00  5.00e-03  5.00e-03  1.200000000e-01  1.50e-02  1.50e-02 0
   Sigma(1775)~+      -3116 +3  1.775000000e+00  5.00e-03  5.00e-03  1.200000000e-01  1.50e-02  1.50e-02 0
    Sigma(1775)0       3216 +0  1.775000000e+00  5.00e-03  5.00e-03  1.200000000e-01  1.50e-02  1.50e-02 0
   Sigma(1775)~0      -3216 +0  1.775000000e+00  5.00e-03  5.00e-03  1.200000000e-01  1.50e-02  1.50e-02 0
    Sigma(1775)+       3226 +3  1.775000000e+00  5.00e-03  5.00e-03  1.200000000e-01  1.50e-02  1.50e-02 0
   Sigma(1775)~-      -3226 -3  1.775000000e+00  5.00e-03  5.00e-03  1.200000000e-01  1.50e-02  1.50e-02 0
    Sigma(1910)-      23114 -3  1.910000000e+00  4.00e-02  4.00e-02  2.200000000e-01  7.00e-02  8.00e-02 0
   Sigma(1910)~+     -23114 +3  1.910000000e+00  4.00e-02  4.00e-02  2.200000000e-01  7.00e-02  8.00e-02 0
    Sigma(1910)0      23214 +0  1.910000000e+00  4.00e-02  4.00e-02  2.200000000e-01  7.00e-02  8.00e-02 0
   Sigma(1910)~0     -23214 +0  1.910000000e+00  4.00e-02  4.00e-02  2.200000000e-01  7.00e-02  8.00e-02 0
    Sigma(1910)+      23224 +3  1.910000000e+00  4.00e-02  4.00e-02  2.200000000e-01  7.00e-02  8.00e-02 0
   Sigma(1910)~-     -23224 -3  1.910000000e+00  4.00e-02  4.00e-02  2.200000000e-01  7.00e-02  8.00e-02 0
    Sigma(1915)-      13116 -3  1.915000000e+00  1.50e-02  2.00e-02  1.200000000e-01  4.00e-02  4.00e-02 0
   Sigma(1915)~+     -13116 +3  1.915000000e+00  1.50e-02  2.00e-02  1.200000000e-01  4.00e-02  4.00e-02 0
    Sigma(1915)0      13216 +0  1.915000000e+00  1.50e-02  2.00e-02  1.200000000e-01  4.00e-02  4.00e-02 0
   Sigma(1915)~0     -13216 +0  1.915000000e+00  1.50e-02  2.00e-02  1.200000000e-01  4.00e-02  4.00e-02 0
    Sigma(1915)+      13226 +3  1.915000000e+00  1.50e-02  2.00e-02  1.200000000e-01  4.00e-02  4.00e-02 0
   Sigma(1915)~-     -13226 -3  1.915000000e+00  1.50e-02  2.00e-02  1.200000000e-01  4.00e-02  4.00e-02 0
    Sigma(2030)-       3118 -3  2.030000000e+00  5.00e-03  1.00e-02  1.800000000e-01  3.00e-02  2.00e-02 0
   Sigma(2030)~+      -3118 +3  2.030000000e+00  5.00e-03  1.00e-02  1.800000000e-01  3.00e-02  2.00e-02 0
    Sigma(2030)0       3218 +0  2.030000000e+00  5.00e-03  1.00e-02  1.800000000e-01  3.00e-02  2.00e-02 0
   Sigma(2030)~0      -3218 +0  2.030000000e+00  5.00e-03  1.00e-02  1.800000000e-01  3.00e-02  2.00e-02 0
    Sigma(2030)+       3228 +3  2.030000000e+00  5.00e-03  1.00e-02  1.800000000e-01  3.00e-02  2.00e-02 0
   Sigma(2030)~-      -3228 -3  2.030000000e+00  5.00e-03  1.00e-02  1.800000000e-01  3.00e-02  2.00e-02 0
              Xi       3322 +0  1.314860000e+00  2.00e-04  2.00e-04  2.270000000e-15  7.00e-17  7.00e-17 0
             Xi~      -3322 +0  1.314860000e+00  2.00e-04  2.00e-04  2.270000000e-15  7.00e-17  7.00e-17 0
             Xi-       3312 -3  1.321710000e+00  7.00e-05  7.00e-05  4.020000000e-15  4.00e-17  4.00e-17 0
            Xi~+      -3312 +3  1.321710000e+00  7.00e-05  7.00e-05  4.020000000e-15  4.00e-17  4.00e-17 0
       Xi(1530)-       3314 -3  1.535000000e+00  6.00e-04  6.00e-04  9.900000000e-03  1.90e-03  1.70e-03 0
      Xi(1530)~+      -3314 +3  1.535000000e+00  6.00e-04  6.00e-04  9.900000000e-03  1.90e-03  1.70e-03 0
        Xi(1530)       3324 +0  1.531800000e+00  3.20e-04  3.20e-04  9.100000000e-03  5.00e-04  5.00e-04 0
       Xi(1530)~      -3324 +0  1.531800000e+00  3.20e-04  3.20e-04  9.100000000e-03  5.00e-04  5.00e-04 0
       Xi(1690)-     203312 -3  1.690000000e+00  1.00e-02  1.00e-02                                      0
      Xi(1690)~+    -203312 +3  1.690000000e+00  1.00e-02  1.00e-02                                      0
       Xi(1690)0     203322 +0  1.690000000e+00  1.00e-02  1.00e-02                                      0
      Xi(1690)~0    -203322 +0  1.690000000e+00  1.00e-02  1.00e-02                                      0
       Xi(1820)-      13314 -3  1.823000000e+00  5.00e-03  5.00e-03  2.400000000e-02  1.00e-02  1.50e-02 0
      Xi(1820)~+     -13314 +3  1.823000000e+00  5.00e-03  5.00e-03  2.400000000e-02  1.00e-02  1.50e-02 0
       Xi(1820)0      13324 +0  1.823000000e+00  5.00e-03  5.00e-03  2.400000000e-02  1.00e-02  1.50e-02 0
      Xi(1820)~0     -13324 +0  1.823000000e+00  5.00e-03  5.00e-03  2.400000000e-02  1.00e-02  1.50e-02 0
       Xi(1950)-     103316 -3  1.950000000e+00  1.50e-02  1.50e-02  6.000000000e-02  2.00e-02  2.00e-02 0
      Xi(1950)~+    -103316 +3  1.950000000e+00  1.50e-02  1.50e-02  6.000000000e-02  2.00e-02  2.00e-02 0
       Xi(1950)0     103326 +0  1.950000000e+00  1.50e-02  1.50e-02  6.000000000e-02  2.00e-02  2.00e-02 0
      Xi(1950)~0    -103326 +0  1.950000000e+00  1.50e-02  1.50e-02  6.000000000e-02  2.00e-02  2.00e-02 0
       Xi(2030)-     203316 -3  2.025000000e+00  5.00e-03  5.00e-03  2.000000000e-02  5.00e-03  1.50e-02 0
      Xi(2030)~+    -203316 +3  2.025000000e+00  5.00e-03  5.00e-03  2.000000000e-02  5.00e-03  1.50e-02 0
       Xi(2030)0     203326 +0  2.025000000e+00  5.00e-03  5.00e-03  2.000000000e-02  5.00e-03  1.50e-02 0
      Xi(2030)~0    -203326 +0  2.025000000e+00  5.00e-03  5.00e-03  2.000000000e-02  5.00e-03  1.50e-02 0
          Omega-       3334 -3  1.672450000e+00  2.90e-04  2.90e-04  8.020000000e-15  1.10e-16  1.10e-16 0
         Omega~+      -3334 +3  1.672450000e+00  2.90e-04  2.90e-04  8.020000000e-15  1.10e-16  1.10e-16 0
    Omega(2250)-     203338 -3  2.252000000e+00  9.00e-03  9.00e-03  5.500000000e-02  1.80e-02  1.80e-02 0
   Omega(2250)~+    -203338 +3  2.252000000e+00  9.00e-03  9.00e-03  5.500000000e-02  1.80e-02  1.80e-02 0
       Lambda_c+       4122 +3  2.286460000e+00  1.40e-04  1.40e-04  3.250000000e-12  5.00e-14  5.00e-14 0
      Lambda_c~-      -4122 -3  2.286460000e+00  1.40e-04  1.40e-04  3.250000000e-12  5.00e-14  5.00e-14 0
 Lambda_c(2595)+      14122 +3  2.592250000e+00  2.80e-04  2.80e-04  2.600000000e-03  6.00e-04  6.00e-04 0
Lambda_c(2595)~-     -14122 -3  2.592250000e+00  2.80e-04  2.80e-04  2.600000000e-03  6.00e-04  6.00e-04 0
 Lambda_c(2625)+     104122 +3  2.628110000e+00  1.90e-04  1.90e-04                                      0
Lambda_c(2625)~-    -104122 -3  2.628110000e+00  1.90e-04  1.90e-04                                      0
 Lambda_c(2880)+     204126 +3  2.881630000e+00  2.40e-04  2.40e-04  5.600000000e-03  6.00e-04  8.00e-04 0
Lambda_c(2880)~-    -204126 -3  2.881630000e+00  2.40e-04  2.40e-04  5.600000000e-03  6.00e-04  8.00e-04 0
   Sigma_c(2455)       4112 +0  2.453750000e+00  1.40e-04  1.40e-04  1.830000000e-03  1.90e-04  1.10e-04 0
  Sigma_c(2455)~      -4112 +0  2.453750000e+00  1.40e-04  1.40e-04  1.830000000e-03  1.90e-04  1.10e-04 0
  Sigma_c(2455)+       4212 +3  2.452900000e+00  4.00e-04  4.00e-04                                      0
 Sigma_c(2455)~-      -4212 -3  2.452900000e+00  4.00e-04  4.00e-04                                      0
 Sigma_c(2455)++       4222 +6  2.453970000e+00  1.40e-04  1.40e-04  1.890000000e-03  1.80e-04  9.00e-05 0
Sigma_c(2455)~--      -4222 -6  2.453970000e+00  1.40e-04  1.40e-04  1.890000000e-03  1.80e-04  9.00e-05 0
   Sigma_c(2520)       4114 +0  2.518480000e+00  2.00e-04  2.00e-04  1.530000000e-02  5.00e-04  4.00e-04 0
  Sigma_c(2520)~      -4114 +0  2.518480000e+00  2.00e-04  2.00e-04  1.530000000e-02  5.00e-04  4.00e-04 0
  Sigma_c(2520)+       4214 +3  2.517500000e+00  2.30e-03  2.30e-03                                      0
 Sigma_c(2520)~-      -4214 -3  2.517500000e+00  2.30e-03  2.30e-03                                      0
 Sigma_c(2520)++       4224 +6  2.518410000e+00  1.90e-04  2.10e-04  1.478000000e-02  4.00e-04  3.00e-04 0
Sigma_c(2520)~--      -4224 -6  2.518410000e+00  1.90e-04  2.10e-04  1.478000000e-02  4.00e-04  3.00e-04 0
           Xi_c+       4232 +3  2.467940000e+00  2.00e-04  1.70e-04  1.444000000e-12  1.70e-14  1.70e-14 0
          Xi_c~-      -4232 -3  2.467940000e+00  2.00e-04  1.70e-04  1.444000000e-12  1.70e-14  1.70e-14 0
            Xi_c       4132 +0  2.470900000e+00  2.90e-04  2.20e-04  4.310000000e-12  1.80e-13  1.80e-13 0
           Xi_c~      -4132 +0  2.470900000e+00  2.90e-04  2.20e-04  4.310000000e-12  1.80e-13  1.80e-13 0
          Xi'_c+       4322 +3  2.578400000e+00  5.00e-04  5.00e-04                                      0
         Xi'_c~-      -4322 -3  2.578400000e+00  5.00e-04  5.00e-04                                      0
           Xi'_c       4312 +0  2.579200000e+00  5.00e-04  5.00e-04                                      0
          Xi'_c~      -4312 +0  2.579200000e+00  5.00e-04  5.00e-04                                      0
      Xi_c(2645)       4314 +0  2.646380000e+00  2.30e-04  2.00e-04  2.350000000e-03  2.20e-04  2.20e-04 0
     Xi_c(2645)~      -4314 +0  2.646380000e+00  2.30e-04  2.00e-04  2.350000000e-03  2.20e-04  2.20e-04 0
     Xi_c(2645)+       4324 +3  2.645560000e+00  3.00e-04  2.40e-04  2.140000000e-03  1.90e-04  1.90e-04 0
    Xi_c(2645)~-      -4324 -3  2.645560000e+00  3.00e-04  2.40e-04  2.140000000e-03  1.90e-04  1.90e-04 0
      Xi_c(2790)     104314 +0  2.794100000e+00  5.00e-04  5.00e-04  1.000000000e-02  1.10e-03  1.10e-03 0
     Xi_c(2790)~    -104314 +0  2.794100000e+00  5.00e-04  5.00e-04  1.000000000e-02  1.10e-03  1.10e-03 0
     Xi_c(2790)+     104324 +3  2.792400000e+00  5.00e-04  5.00e-04  8.900000000e-03  1.00e-03  1.00e-03 0
    Xi_c(2790)~-    -104324 -3  2.792400000e+00  5.00e-04  5.00e-04  8.900000000e-03  1.00e-03  1.00e-03 0
      Xi_c(2815)     104312 +0  2.820250000e+00  3.10e-04  2.50e-04  2.540000000e-03  2.50e-04  2.50e-04 0
     Xi_c(2815)~    -104312 +0  2.820250000e+00  3.10e-04  2.50e-04  2.540000000e-03  2.50e-04  2.50e-04 0
     Xi_c(2815)+     104322 +3  2.816740000e+00  2.30e-04  2.00e-04  2.430000000e-03  2.60e-04  2.60e-04 0
    Xi_c(2815)~-    -104322 -3  2.816740000e+00  2.30e-04  2.00e-04  2.430000000e-03  2.60e-04  2.60e-04 0
         Omega_c       4332 +0  2.695200000e+00  1.70e-03  1.70e-03  2.460000000e-12  2.20e-13  2.60e-13 0
        Omega_c~      -4332 +0  2.695200000e+00  1.70e-03  1.70e-03  2.460000000e-12  2.20e-13  2.60e-13 0
   Omega_c(2770)       4334 +0  2.765900000e+00  2.00e-03  2.00e-03                                      0
  Omega_c(2770)~      -4334 +0  2.765900000e+00  2.00e-03  2.00e-03                                      0
        Lambda_b       5122 +0  5.619600000e+00  1.70e-04  1.70e-04  4.475000000e-13  2.70e-15  2.70e-15 0
       Lambda_b~      -5122 +0  5.619600000e+00  1.70e-04  1.70e-04  4.475000000e-13  2.70e-15  2.70e-15 0
        Sigma_b-       5112 -3  5.815640000e+00  2.70e-04  2.70e-04  5.300000000e-03  5.00e-04  5.00e-04 0
       Sigma_b~+      -5112 +3  5.815640000e+00  2.70e-04  2.70e-04  5.300000000e-03  5.00e-04  5.00e-04 0
        Sigma_b+       5222 +3  5.810560000e+00  2.50e-04  2.50e-04  5.000000000e-03  5.00e-04  5.00e-04 0
       Sigma_b~-      -5222 -3  5.810560000e+00  2.50e-04  2.50e-04  5.000000000e-03  5.00e-04  5.00e-04 0
       Sigma*_b-       5114 -3  5.834740000e+00  3.00e-04  3.00e-04  1.040000000e-02  8.00e-04  8.00e-04 0
      Sigma*_b~+      -5114 +3  5.834740000e+00  3.00e-04  3.00e-04  1.040000000e-02  8.00e-04  8.00e-04 0
       Sigma*_b+       5224 +3  5.830320000e+00  2.70e-04  2.70e-04  9.400000000e-03  5.00e-04  5.00e-04 0
      Sigma*_b~-      -5224 -3  5.830320000e+00  2.70e-04  2.70e-04  9.400000000e-03  5.00e-04  5.00e-04 0
           Xi_b-       5132 -3  5.797000000e+00  6.00e-04  6.00e-04  4.190000000e-13  1.10e-14  1.10e-14 0
          Xi_b~+      -5132 +3  5.797000000e+00  6.00e-04  6.00e-04  4.190000000e-13  1.10e-14  1.10e-14 0
            Xi_b       5232 +0  5.791900000e+00  5.00e-04  5.00e-04  4.450000000e-13  9.00e-15  9.00e-15 0
           Xi_b~      -5232 +0  5.791900000e+00  5.00e-04  5.00e-04  4.450000000e-13  9.00e-15  9.00e-15 0
        Omega_b-       5332 -3  6.046100000e+00  1.70e-03  1.70e-03  4.000000000e-13  4.00e-14  5.00e-14 0
       Omega_b~+      -5332 +3  6.046100000e+00  1.70e-03  1.70e-03  4.000000000e-13  4.00e-14  5.00e-14 0
